example.R	all_lints	2020-02-07T16:43:55Z	0.124568882999995	0.124668401999998	0.129041447999981	0.131931922999996	0.138866516999997	5	1	0.649077172999966	3559208

example.R	no_lints	2020-02-07T16:43:56Z	0.0135526870000149	0.0135688559999778	0.0136512349999975	0.0136839339999995	0.0141028310000024	5	0	0.0685595429999921	463128

example.R	all_lints	2020-02-07T16:47:34Z	0.123912463000011	0.124402005000007	0.125898739999997	0.126050992000017	0.140520295000016	5	1	0.640784495000048	3592168

example.R	no_lints	2020-02-07T16:47:34Z	0.0135500229999934	0.0136130040000069	0.0136776260000033	0.0140592820000052	0.0258306560000108	5	1	0.0807305910000196	463128

example.R	all_lints	2020-02-07T16:49:06Z	0.114185350999975	0.119432868999979	0.122249555999986	0.123334478999993	0.131672954999999	5	9	0.610875209999932	15381632

example.R	no_lints	2020-02-07T16:49:06Z	0.0131068609999829	0.0134175910000067	0.0136331630000086	0.0140926839999906	0.0184413929999891	5	1	0.072691691999978	463128
